r(1,:) = [ -0.0436141 -5.20299 -10.3594 -15.6372 -20.8608];
p(1,:) = [ 1.91637 5.9326 10.0081 14.1123 18.1872];
r(2,:) = [ -0.0019842 -5.20815 -10.2854 -15.6428 -20.7642];
p(2,:) = [ 1.91329 5.91944 10.0035 14.1171 18.1806];
r(3,:) = [ 0.00706437 -5.18989 -10.291 -15.55 -20.709];
p(3,:) = [ 1.91171 5.91456 10.0056 14.111 18.1766];
r(4,:) = [ 0.00403838 -5.16723 -10.4097 -15.5304 -20.6464];
p(4,:) = [ 1.91246 5.91095 10.0071 14.1061 18.1747];
r(5,:) = [ 0.00110153 -5.13989 -10.3694 -15.4296 -20.5757];
p(5,:) = [ 1.92072 5.91259 10.0115 14.1099 18.1768];
r(6,:) = [ -0.0205308 -5.09739 -10.3232 -15.3899 -20.462];
p(6,:) = [ 1.90649 5.91347 10.0085 14.1133 18.1786];
r(7,:) = [ -0.00340167 -5.07684 -10.2743 -15.3123 -20.4946];
p(7,:) = [ 1.90903 5.89536 10.0161 14.1018 18.1718];
r(8,:) = [ -0.0219076 -5.05487 -10.228 -15.3316 -20.3972];
p(8,:) = [ 1.91837 5.89905 10.0212 14.1095 18.1634];
r(9,:) = [ -0.00911763 -5.05321 -10.2014 -15.2521 -20.2954];
p(9,:) = [ 1.90672 5.89999 10.0197 14.1061 18.1679];
r(10,:) = [ -0.00324429 -4.96409 -10.1263 -15.1897 -20.2747];
p(10,:) = [ 1.90319 5.90636 10.009 14.1073 18.1621];
r(11,:) = [ 0.00531549 -4.96982 -10.1002 -15.1817 -20.1802];
p(11,:) = [ 1.90612 5.89286 10.0202 14.099 18.1669];
r(12,:) = [ -0.0173529 -4.93392 -9.99936 -15.1119 -20.1392];
p(12,:) = [ 1.90269 5.89114 10.0179 14.1022 18.1633];
r(13,:) = [ -0.00191024 -4.98914 -10.0039 -15.0606 -20.0538];
p(13,:) = [ 1.90063 5.89309 10.0105 14.1032 18.165];
r(14,:) = [ -0.00593598 -4.99561 -10.0277 -14.9922 -20.0315];
p(14,:) = [ 1.89287 5.88491 10.0075 14.1022 18.1548];
r(15,:) = [ -0.00913426 -5.01469 -9.97443 -14.9759 -19.932];
p(15,:) = [ 1.90319 5.88293 10.0163 14.1038 18.1504];
r(16,:) = [ -2.78203e-05 -5.01076 -9.95471 -14.9019 -19.9145];
p(16,:) = [ 1.90032 5.87398 10.0136 14.0961 18.1524];
r(17,:) = [ 0.00530593 -5.03071 -9.90918 -14.8792 -19.7978];
p(17,:) = [ 1.8947 5.87143 10.0105 14.0976 18.1489];
r(18,:) = [ 0.00243272 -5.02911 -9.86175 -14.8417 -19.7425];
p(18,:) = [ 1.88548 5.87441 10.0083 14.0895 18.1464];
r(19,:) = [ -0.00944618 -5.05939 -9.83626 -14.7473 -19.7074];
p(19,:) = [ 1.88224 5.87182 10.0104 14.0909 18.1419];
r(20,:) = [ -0.006859 -4.9468 -9.78294 -14.7155 -19.6503];
p(20,:) = [ 1.88865 5.8757 10.0094 14.0933 18.1344];
r(21,:) = [ 0.00946147 -4.89394 -9.82398 -14.6499 -19.5802];
p(21,:) = [ 1.89022 5.87494 10.0139 14.0918 18.1332];
